17.312980947833026
20.079545587559085
21.77508347664564
23.08352629670128
23.445399662186865
23.43714064197811
24.56186062385261
24.787755714785884
25.47388742083415
25.74125632049784
26.097467048587944
26.498308035653587
27.067029382701172
26.834898758240403
26.90947461034346
26.252823753555134
26.898984023330627
27.712392984443476
27.63283725993698
27.944754191720236
27.50119942118341
27.406218160771317
28.381770026386867
26.880813537990743
27.35663838076329
27.243868988673825
26.934288013649024
26.2425243223757
26.295034383517045
27.39139396704031
26.889152986991775
27.410694304661234
26.700351555608645
27.399586675467226
27.688887702000432
28.469529480076936
29.013446994140786
29.291395302103204
29.222781207145957
28.683155944277974
28.804272993447775
28.294679199659058
28.893913936745943
28.940581457778922
29.63731001842416
29.75845223284252
29.752101817306492
29.901784076058874
29.469746350367764
29.59955684368699
28.472707033674254
29.01242744303623
28.94177763536881
28.713405867983067
28.17280011813616
28.327414811847618
28.401226027937064
28.525491282163085
28.771733313466928
29.347358738813263
29.194822562012213
29.24637294979828
29.573475850116537
30.220727646349168
29.585815452643825
29.61506441932248
29.00088810087345
30.286829686653007
29.816476232712557
28.2335668319251
29.415906451762567
29.46249502848052
30.508680502711645
30.28363074756922
31.44425527652082
32.17337284649311
32.53896694470041
32.18554426127385
32.26540995824807
32.583354765473544
32.48804401532294
32.36175542687303
32.33446074148221
32.52958789055191
32.549862077062635
32.670313655266916
32.53444403978109
33.295084966146675
33.309977877743265
32.55357800323513
32.35644185303113
33.084001910701616
33.306185104940454
32.80266651300706
33.24207048742436
33.29524582312245
33.27870137669342
33.0013009833523
32.80477950151388
32.74756833847536
